501
1
329
792
486
177
792
771
533
680
412
29
103
90
913
526
604
645
460
275
565
878
275
734
92
648
78
812
887
629
197
9
184
734
584
648
925
859
272
605
516
106
889
90
313
878
754
25
650
526
90
768
755
640
768
13
488
803
708
923
351
493
48
89
734
690
89
220
690
605
923
677
560
435
852
845
225
851
606
493
305
936
239
621
693
381
77
166
312
367
935
983
209
149
317
477
831
446
261
926
316
83
282
732
950
303
963
730
301
441
457
730
860
39
404
936
286
485
254
815
712
605
34
425
389
823
736
877
334
5
780
502
807
926
767
19
936
707
462
804
63
300
170
302
60
176
863
515
677
497
70
467
11
360
260
425
181
314
127
951
480
905
41
279
174
905
13
194
22
467
541
251
283
333
149
35
874
479
381
848
235
397
756
360
369
397
732
741
743
278
472
594
895
964
109
550
429
772
439
729
4
844
281
738
707
19
613
596
436
28
141
233
878
739
451
267
196
425
361
377
954
746
787
729
233
28
706
497
864
107
694
905
931
951
730
315
924
502
479
38
888
851
859
212
229
179
638
704
120
880
747
499
468
360
648
50
245
202
647
845
875
202
440
845
597
367
605
192
367
561
804
167
877
790
500
742
771
921
28
576
667
682
914
746
106
423
679
551
493
201
121
725
907
729
836
654
509
483
839
456
296
294
378
159
803
98
964
779
629
921
300
485
499
678
718
159
483
671
596
569
279
178
17
450
778
922
880
588
201
975
315
738
211
972
886
829
644
309
406
829
393
16
135
222
347
213
292
576
176
425
358
969
850
277
739
360
791
702
815
425
125
576
809
45
962
865
549
654
614
145
154
745
610
328
504
688
467
775
672
724
477
745
328
98
987
944
719
728
400
869
274
998
352
890
645
35
241
975
738
822
627
723
539
287
132
193
287
975
142
844
722
757
687
320
56
865
922
228
900
508
473
139
23
641
554
35
425
766
820
100
986
74
588
557
508
98
507
663
148
100
74
663
870
799
9
520
364
983
652
35
646
777
314
346
423
193
323
538
642
570
551
896
725
733
515
896
992
559
340
354
370
559
983
746
450
678
159
746
843
723
849
453
799
416
7
506
594
203
951
506
203
546
463
506
356
332
602
139
514
567
265
786